1,2,8,2013
2,2,11,2013
3,2,12,2013
4,2,13,2013
5,2,14,2013
6,2,15,2013
7,2,19,2013
8,2,20,2013
9,2,21,2013
10,2,22,2013
11,2,25,2013
12,2,26,2013
13,2,27,2013
14,2,28,2013
15,3,1,2013
16,3,4,2013
17,3,5,2013
18,3,6,2013
19,3,7,2013
20,3,8,2013
21,3,11,2013
22,3,12,2013
23,3,13,2013
24,3,14,2013
25,3,15,2013
26,3,18,2013
27,3,19,2013
28,3,20,2013
29,3,21,2013
30,3,22,2013
31,3,25,2013
32,3,26,2013
33,3,27,2013
34,3,28,2013
35,4,1,2013
36,4,2,2013
37,4,3,2013
38,4,4,2013
39,4,5,2013
40,4,8,2013
41,4,9,2013
42,4,10,2013
43,4,11,2013
44,4,12,2013
45,4,15,2013
46,4,16,2013
47,4,17,2013
48,4,18,2013
49,4,19,2013
50,4,22,2013
51,4,23,2013
52,4,24,2013
53,4,25,2013
54,4,26,2013
55,4,29,2013
56,4,30,2013
57,5,1,2013
58,5,2,2013
59,5,3,2013
60,5,6,2013
61,5,7,2013
62,5,8,2013
63,5,9,2013
64,5,10,2013
65,5,13,2013
66,5,14,2013
67,5,15,2013
68,5,16,2013
69,5,17,2013
70,5,20,2013
71,5,21,2013
72,5,22,2013
73,5,23,2013
74,5,24,2013
75,5,28,2013
76,5,29,2013
77,5,30,2013
78,5,31,2013
79,6,3,2013
80,6,4,2013
81,6,5,2013
82,6,6,2013
83,6,7,2013
84,6,10,2013
85,6,11,2013
86,6,12,2013
87,6,13,2013
88,6,14,2013
89,6,17,2013
90,6,18,2013
91,6,19,2013
92,6,20,2013
93,6,21,2013
94,6,24,2013
95,6,25,2013
96,6,26,2013
97,6,27,2013
98,6,28,2013
99,7,1,2013
100,7,2,2013
101,7,3,2013
102,7,5,2013
103,7,8,2013
104,7,9,2013
105,7,10,2013
106,7,11,2013
107,7,12,2013
108,7,15,2013
109,7,16,2013
110,7,17,2013
111,7,18,2013
112,7,19,2013
113,7,22,2013
114,7,23,2013
115,7,24,2013
116,7,25,2013
117,7,26,2013
118,7,29,2013
119,7,30,2013
120,7,31,2013
121,8,1,2013
122,8,2,2013
123,8,5,2013
124,8,6,2013
125,8,7,2013
126,8,8,2013
127,8,9,2013
128,8,12,2013
129,8,13,2013
130,8,14,2013
131,8,15,2013
132,8,16,2013
133,8,19,2013
134,8,20,2013
135,8,21,2013
136,8,22,2013
137,8,23,2013
138,8,26,2013
139,8,27,2013
140,8,28,2013
141,8,29,2013
142,8,30,2013
143,9,3,2013
144,9,4,2013
145,9,5,2013
146,9,6,2013
147,9,9,2013
148,9,10,2013
149,9,11,2013
150,9,12,2013
151,9,13,2013
152,9,16,2013
153,9,17,2013
154,9,18,2013
155,9,19,2013
156,9,20,2013
157,9,23,2013
158,9,24,2013
159,9,25,2013
160,9,26,2013
161,9,27,2013
162,9,30,2013
163,10,1,2013
164,10,2,2013
165,10,3,2013
166,10,4,2013
167,10,7,2013
168,10,8,2013
169,10,9,2013
170,10,10,2013
171,10,11,2013
172,10,14,2013
173,10,15,2013
174,10,16,2013
175,10,17,2013
176,10,18,2013
177,10,21,2013
178,10,22,2013
179,10,23,2013
180,10,24,2013
181,10,25,2013
182,10,28,2013
183,10,29,2013
184,10,30,2013
185,10,31,2013
186,11,1,2013
187,11,4,2013
188,11,5,2013
189,11,6,2013
190,11,7,2013
191,11,8,2013
192,11,11,2013
193,11,12,2013
194,11,13,2013
195,11,14,2013
196,11,15,2013
197,11,18,2013
198,11,19,2013
199,11,20,2013
200,11,21,2013
201,11,22,2013
202,11,25,2013
203,11,26,2013
204,11,27,2013
205,11,29,2013
206,12,2,2013
207,12,3,2013
208,12,4,2013
209,12,5,2013
210,12,6,2013
211,12,9,2013
212,12,10,2013
213,12,11,2013
214,12,12,2013
215,12,13,2013
216,12,16,2013
217,12,17,2013
218,12,18,2013
219,12,19,2013
220,12,20,2013
221,12,23,2013
222,12,24,2013
223,12,26,2013
224,12,27,2013
225,12,30,2013
226,12,31,2013
227,1,2,2014
228,1,3,2014
229,1,6,2014
230,1,7,2014
231,1,8,2014
232,1,9,2014
233,1,10,2014
234,1,13,2014
235,1,14,2014
236,1,15,2014
237,1,16,2014
238,1,17,2014
239,1,21,2014
240,1,22,2014
241,1,23,2014
242,1,24,2014
243,1,27,2014
244,1,28,2014
245,1,29,2014
246,1,30,2014
247,1,31,2014
248,2,3,2014
249,2,4,2014
250,2,5,2014
251,2,6,2014
252,2,7,2014
253,2,10,2014
254,2,11,2014
255,2,12,2014
256,2,13,2014
257,2,14,2014
258,2,18,2014
259,2,19,2014
260,2,20,2014
261,2,21,2014
262,2,24,2014
263,2,25,2014
264,2,26,2014
265,2,27,2014
266,2,28,2014
267,3,3,2014
268,3,4,2014
269,3,5,2014
270,3,6,2014
271,3,7,2014
272,3,10,2014
273,3,11,2014
274,3,12,2014
275,3,13,2014
276,3,14,2014
277,3,17,2014
278,3,18,2014
279,3,19,2014
280,3,20,2014
281,3,21,2014
282,3,24,2014
283,3,25,2014
284,3,26,2014
285,3,27,2014
286,3,28,2014
287,3,31,2014
288,4,1,2014
289,4,2,2014
290,4,3,2014
291,4,4,2014
292,4,7,2014
293,4,8,2014
294,4,9,2014
295,4,10,2014
296,4,11,2014
297,4,14,2014
298,4,15,2014
299,4,16,2014
300,4,17,2014
301,4,21,2014
302,4,22,2014
303,4,23,2014
304,4,24,2014
305,4,25,2014
306,4,28,2014
307,4,29,2014
308,4,30,2014
309,5,1,2014
310,5,2,2014
311,5,5,2014
312,5,6,2014
313,5,7,2014
314,5,8,2014
315,5,9,2014
316,5,12,2014
317,5,13,2014
318,5,14,2014
319,5,15,2014
320,5,16,2014
321,5,19,2014
322,5,20,2014
323,5,21,2014
324,5,22,2014
325,5,23,2014
326,5,27,2014
327,5,28,2014
328,5,29,2014
329,5,30,2014
330,6,2,2014
331,6,3,2014
332,6,4,2014
333,6,5,2014
334,6,6,2014
335,6,9,2014
336,6,10,2014
337,6,11,2014
338,6,12,2014
339,6,13,2014
340,6,16,2014
341,6,17,2014
342,6,18,2014
343,6,19,2014
344,6,20,2014
345,6,23,2014
346,6,24,2014
347,6,25,2014
348,6,26,2014
349,6,27,2014
350,6,30,2014
351,7,1,2014
352,7,2,2014
353,7,3,2014
354,7,7,2014
355,7,8,2014
356,7,9,2014
357,7,10,2014
358,7,11,2014
359,7,14,2014
360,7,15,2014
361,7,16,2014
362,7,17,2014
363,7,18,2014
364,7,21,2014
365,7,22,2014
366,7,23,2014
367,7,24,2014
368,7,25,2014
369,7,28,2014
370,7,29,2014
371,7,30,2014
372,7,31,2014
373,8,1,2014
374,8,4,2014
375,8,5,2014
376,8,6,2014
377,8,7,2014
378,8,8,2014
379,8,11,2014
380,8,12,2014
381,8,13,2014
382,8,14,2014
383,8,15,2014
384,8,18,2014
385,8,19,2014
386,8,20,2014
387,8,21,2014
388,8,22,2014
389,8,25,2014
390,8,26,2014
391,8,27,2014
392,8,28,2014
393,8,29,2014
394,9,2,2014
395,9,3,2014
396,9,4,2014
397,9,5,2014
398,9,8,2014
399,9,9,2014
400,9,10,2014
401,9,11,2014
402,9,12,2014
403,9,15,2014
404,9,16,2014
405,9,17,2014
406,9,18,2014
407,9,19,2014
408,9,22,2014
409,9,23,2014
410,9,24,2014
411,9,25,2014
412,9,26,2014
413,9,29,2014
414,9,30,2014
415,10,1,2014
416,10,2,2014
417,10,3,2014
418,10,6,2014
419,10,7,2014
420,10,8,2014
421,10,9,2014
422,10,10,2014
423,10,13,2014
424,10,14,2014
425,10,15,2014
426,10,16,2014
427,10,17,2014
428,10,20,2014
429,10,21,2014
430,10,22,2014
431,10,23,2014
432,10,24,2014
433,10,27,2014
434,10,28,2014
435,10,29,2014
436,10,30,2014
437,10,31,2014
438,11,3,2014
439,11,4,2014
440,11,5,2014
441,11,6,2014
442,11,7,2014
443,11,10,2014
444,11,11,2014
445,11,12,2014
446,11,13,2014
447,11,14,2014
448,11,17,2014
449,11,18,2014
450,11,19,2014
451,11,20,2014
452,11,21,2014
453,11,24,2014
454,11,25,2014
455,11,26,2014
456,11,28,2014
457,12,1,2014
458,12,2,2014
459,12,3,2014
460,12,4,2014
461,12,5,2014
462,12,8,2014
463,12,9,2014
464,12,10,2014
465,12,11,2014
466,12,12,2014
467,12,15,2014
468,12,16,2014
469,12,17,2014
470,12,18,2014
471,12,19,2014
472,12,22,2014
473,12,23,2014
474,12,24,2014
475,12,26,2014
476,12,29,2014
477,12,30,2014
478,12,31,2014
479,1,2,2015
480,1,5,2015
481,1,6,2015
482,1,7,2015
483,1,8,2015
484,1,9,2015
485,1,12,2015
486,1,13,2015
487,1,14,2015
488,1,15,2015
489,1,16,2015
490,1,20,2015
491,1,21,2015
492,1,22,2015
493,1,23,2015
494,1,26,2015
495,1,27,2015
496,1,28,2015
497,1,29,2015
498,1,30,2015
499,2,2,2015
500,2,3,2015
501,2,4,2015
502,2,5,2015
503,2,6,2015
504,2,9,2015
505,2,10,2015
506,2,11,2015
507,2,12,2015
508,2,13,2015
509,2,17,2015
510,2,18,2015
511,2,19,2015
512,2,20,2015
513,2,23,2015
514,2,24,2015
515,2,25,2015
516,2,26,2015
517,2,27,2015
518,3,2,2015
519,3,3,2015
520,3,4,2015
521,3,5,2015
522,3,6,2015
523,3,9,2015
524,3,10,2015
525,3,11,2015
526,3,12,2015
527,3,13,2015
528,3,16,2015
529,3,17,2015
530,3,18,2015
531,3,19,2015
532,3,20,2015
533,3,23,2015
534,3,24,2015
535,3,25,2015
536,3,26,2015
537,3,27,2015
538,3,30,2015
539,3,31,2015
540,4,1,2015
541,4,2,2015
542,4,6,2015
543,4,7,2015
544,4,8,2015
545,4,9,2015
546,4,10,2015
547,4,13,2015
548,4,14,2015
549,4,15,2015
550,4,16,2015
551,4,17,2015
552,4,20,2015
553,4,21,2015
554,4,22,2015
555,4,23,2015
556,4,24,2015
557,4,27,2015
558,4,28,2015
559,4,29,2015
560,4,30,2015
561,5,1,2015
562,5,4,2015
563,5,5,2015
564,5,6,2015
565,5,7,2015
566,5,8,2015
567,5,11,2015
568,5,12,2015
569,5,13,2015
570,5,14,2015
571,5,15,2015
572,5,18,2015
573,5,19,2015
574,5,20,2015
575,5,21,2015
576,5,22,2015
577,5,26,2015
578,5,27,2015
579,5,28,2015
580,5,29,2015
581,6,1,2015
582,6,2,2015
583,6,3,2015
584,6,4,2015
585,6,5,2015
586,6,8,2015
587,6,9,2015
588,6,10,2015
589,6,11,2015
590,6,12,2015
591,6,15,2015
592,6,16,2015
593,6,17,2015
594,6,18,2015
595,6,19,2015
596,6,22,2015
597,6,23,2015
598,6,24,2015
599,6,25,2015
600,6,26,2015
601,6,29,2015
602,6,30,2015
603,7,1,2015
604,7,2,2015
605,7,6,2015
606,7,7,2015
607,7,8,2015
608,7,9,2015
609,7,10,2015
610,7,13,2015
611,7,14,2015
612,7,15,2015
613,7,16,2015
614,7,17,2015
615,7,20,2015
616,7,21,2015
617,7,22,2015
618,7,23,2015
619,7,24,2015
620,7,27,2015
621,7,28,2015
622,7,29,2015
623,7,30,2015
624,7,31,2015
625,8,3,2015
626,8,4,2015
627,8,5,2015
628,8,6,2015
629,8,7,2015
630,8,10,2015
631,8,11,2015
632,8,12,2015
633,8,13,2015
634,8,14,2015
635,8,17,2015
636,8,18,2015
637,8,19,2015
638,8,20,2015
639,8,21,2015
640,8,24,2015
641,8,25,2015
642,8,26,2015
643,8,27,2015
644,8,28,2015
645,8,31,2015
646,9,1,2015
647,9,2,2015
648,9,3,2015
649,9,4,2015
650,9,8,2015
651,9,9,2015
652,9,10,2015
653,9,11,2015
654,9,14,2015
655,9,15,2015
656,9,16,2015
657,9,17,2015
658,9,18,2015
659,9,21,2015
660,9,22,2015
661,9,23,2015
662,9,24,2015
663,9,25,2015
664,9,28,2015
665,9,29,2015
666,9,30,2015
667,10,1,2015
668,10,2,2015
669,10,5,2015
670,10,6,2015
671,10,7,2015
672,10,8,2015
673,10,9,2015
674,10,12,2015
675,10,13,2015
676,10,14,2015
677,10,15,2015
678,10,16,2015
679,10,19,2015
680,10,20,2015
681,10,21,2015
682,10,22,2015
683,10,23,2015
684,10,26,2015
685,10,27,2015
686,10,28,2015
687,10,29,2015
688,10,30,2015
689,11,2,2015
690,11,3,2015
691,11,4,2015
692,11,5,2015
693,11,6,2015
694,11,9,2015
695,11,10,2015
696,11,11,2015
697,11,12,2015
698,11,13,2015
699,11,16,2015
700,11,17,2015
701,11,18,2015
702,11,19,2015
703,11,20,2015
704,11,23,2015
705,11,24,2015
706,11,25,2015
707,11,27,2015
708,11,30,2015
709,12,1,2015
710,12,2,2015
711,12,3,2015
712,12,4,2015
713,12,7,2015
714,12,8,2015
715,12,9,2015
716,12,10,2015
717,12,11,2015
718,12,14,2015
719,12,15,2015
720,12,16,2015
721,12,17,2015
722,12,18,2015
723,12,21,2015
724,12,22,2015
725,12,23,2015
726,12,24,2015
727,12,28,2015
728,12,29,2015
729,12,30,2015
730,12,31,2015
731,1,4,2016
732,1,5,2016
733,1,6,2016
734,1,7,2016
735,1,8,2016
736,1,11,2016
737,1,12,2016
738,1,13,2016
739,1,14,2016
740,1,15,2016
741,1,19,2016
742,1,20,2016
743,1,21,2016
744,1,22,2016
745,1,25,2016
746,1,26,2016
747,1,27,2016
748,1,28,2016
749,1,29,2016
750,2,1,2016
751,2,2,2016
752,2,3,2016
753,2,4,2016
754,2,5,2016
755,2,8,2016
756,2,9,2016
757,2,10,2016
758,2,11,2016
759,2,12,2016
760,2,16,2016
761,2,17,2016
762,2,18,2016
763,2,19,2016
764,2,22,2016
765,2,23,2016
766,2,24,2016
767,2,25,2016
768,2,26,2016
769,2,29,2016
770,3,1,2016
771,3,2,2016
772,3,3,2016
773,3,4,2016
774,3,7,2016
775,3,8,2016
776,3,9,2016
777,3,10,2016
778,3,11,2016
779,3,14,2016
780,3,15,2016
781,3,16,2016
782,3,17,2016
783,3,18,2016
784,3,21,2016
785,3,22,2016
786,3,23,2016
787,3,24,2016
788,3,28,2016
789,3,29,2016
790,3,30,2016
791,3,31,2016
792,4,1,2016
793,4,4,2016
794,4,5,2016
795,4,6,2016
796,4,7,2016
797,4,8,2016
798,4,11,2016
799,4,12,2016
800,4,13,2016
801,4,14,2016
802,4,15,2016
803,4,18,2016
804,4,19,2016
805,4,20,2016
806,4,21,2016
807,4,22,2016
808,4,25,2016
809,4,26,2016
810,4,27,2016
811,4,28,2016
812,4,29,2016
813,5,2,2016
814,5,3,2016
815,5,4,2016
816,5,5,2016
817,5,6,2016
818,5,9,2016
819,5,10,2016
820,5,11,2016
821,5,12,2016
822,5,13,2016
823,5,16,2016
824,5,17,2016
825,5,18,2016
826,5,19,2016
827,5,20,2016
828,5,23,2016
829,5,24,2016
830,5,25,2016
831,5,26,2016
832,5,27,2016
833,5,31,2016
834,6,1,2016
835,6,2,2016
836,6,3,2016
837,6,6,2016
838,6,7,2016
839,6,8,2016
840,6,9,2016
841,6,10,2016
842,6,13,2016
843,6,14,2016
844,6,15,2016
845,6,16,2016
846,6,17,2016
847,6,20,2016
848,6,21,2016
849,6,22,2016
850,6,23,2016
851,6,24,2016
852,6,27,2016
853,6,28,2016
854,6,29,2016
855,6,30,2016
856,7,1,2016
857,7,5,2016
858,7,6,2016
859,7,7,2016
860,7,8,2016
861,7,11,2016
862,7,12,2016
863,7,13,2016
864,7,14,2016
865,7,15,2016
866,7,18,2016
867,7,19,2016
868,7,20,2016
869,7,21,2016
870,7,22,2016
871,7,25,2016
872,7,26,2016
873,7,27,2016
874,7,28,2016
875,7,29,2016
876,8,1,2016
877,8,2,2016
878,8,3,2016
879,8,4,2016
880,8,5,2016
881,8,8,2016
882,8,9,2016
883,8,10,2016
884,8,11,2016
885,8,12,2016
886,8,15,2016
887,8,16,2016
888,8,17,2016
889,8,18,2016
890,8,19,2016
891,8,22,2016
892,8,23,2016
893,8,24,2016
894,8,25,2016
895,8,26,2016
896,8,29,2016
897,8,30,2016
898,8,31,2016
899,9,1,2016
900,9,2,2016
901,9,6,2016
902,9,7,2016
903,9,8,2016
904,9,9,2016
905,9,12,2016
906,9,13,2016
907,9,14,2016
908,9,15,2016
909,9,16,2016
910,9,19,2016
911,9,20,2016
912,9,21,2016
913,9,22,2016
914,9,23,2016
915,9,26,2016
916,9,27,2016
917,9,28,2016
918,9,29,2016
919,9,30,2016
920,10,3,2016
921,10,4,2016
922,10,5,2016
923,10,6,2016
924,10,7,2016
925,10,10,2016
926,10,11,2016
927,10,12,2016
928,10,13,2016
929,10,14,2016
930,10,17,2016
931,10,18,2016
932,10,19,2016
933,10,20,2016
934,10,21,2016
935,10,24,2016
936,10,25,2016
937,10,26,2016
938,10,27,2016
939,10,28,2016
940,10,31,2016
941,11,1,2016
942,11,2,2016
943,11,3,2016
944,11,4,2016
945,11,7,2016
946,11,8,2016
947,11,9,2016
948,11,10,2016
949,11,11,2016
950,11,14,2016
951,11,15,2016
952,11,16,2016
953,11,17,2016
954,11,18,2016
955,11,21,2016
956,11,22,2016
957,11,23,2016
958,11,25,2016
959,11,28,2016
960,11,29,2016
961,11,30,2016
962,12,1,2016
963,12,2,2016
964,12,5,2016
965,12,6,2016
966,12,7,2016
967,12,8,2016
968,12,9,2016
969,12,12,2016
970,12,13,2016
971,12,14,2016
972,12,15,2016
973,12,16,2016
974,12,19,2016
975,12,20,2016
976,12,21,2016
977,12,22,2016
978,12,23,2016
979,12,27,2016
980,12,28,2016
981,12,29,2016
982,12,30,2016
983,1,3,2017
984,1,4,2017
985,1,5,2017
986,1,6,2017
987,1,9,2017
988,1,10,2017
989,1,11,2017
990,1,12,2017
991,1,13,2017
992,1,17,2017
993,1,18,2017
994,1,19,2017
995,1,20,2017
996,1,23,2017
997,1,24,2017
998,1,25,2017
999,1,26,2017
1000,1,27,2017
1001,1,30,2017
1002,1,31,2017
1003,2,1,2017
1004,2,2,2017
1005,2,3,2017
1006,2,6,2017
1007,2,7,2017
1008,2,8,2017
1009,2,9,2017
1010,2,10,2017
1011,2,13,2017
1012,2,14,2017
1013,2,15,2017
1014,2,16,2017
1015,2,17,2017
1016,2,21,2017
1017,2,22,2017
1018,2,23,2017
1019,2,24,2017
1020,2,27,2017
1021,2,28,2017
1022,3,1,2017
1023,3,2,2017
1024,3,3,2017
1025,3,6,2017
1026,3,7,2017
1027,3,8,2017
1028,3,9,2017
1029,3,10,2017
1030,3,13,2017
1031,3,14,2017
1032,3,15,2017
1033,3,16,2017
1034,3,17,2017
1035,3,20,2017
1036,3,21,2017
1037,3,22,2017
1038,3,23,2017
1039,3,24,2017
1040,3,27,2017
1041,3,28,2017
1042,3,29,2017
1043,3,30,2017
1044,3,31,2017
1045,4,3,2017
1046,4,4,2017
1047,4,5,2017
1048,4,6,2017
1049,4,7,2017
1050,4,10,2017
1051,4,11,2017
1052,4,12,2017
1053,4,13,2017
1054,4,17,2017
1055,4,18,2017
1056,4,19,2017
1057,4,20,2017
1058,4,21,2017
1059,4,24,2017
1060,4,25,2017
1061,4,26,2017
1062,4,27,2017
1063,4,28,2017
1064,5,1,2017
1065,5,2,2017
1066,5,3,2017
1067,5,4,2017
1068,5,5,2017
1069,5,8,2017
1070,5,9,2017
1071,5,10,2017
1072,5,11,2017
1073,5,12,2017
1074,5,15,2017
1075,5,16,2017
1076,5,17,2017
1077,5,18,2017
1078,5,19,2017
1079,5,22,2017
1080,5,23,2017
1081,5,24,2017
1082,5,25,2017
1083,5,26,2017
1084,5,30,2017
1085,5,31,2017
1086,6,1,2017
1087,6,2,2017
1088,6,5,2017
1089,6,6,2017
1090,6,7,2017
1091,6,8,2017
1092,6,9,2017
1093,6,12,2017
1094,6,13,2017
1095,6,14,2017
1096,6,15,2017
1097,6,16,2017
1098,6,19,2017
1099,6,20,2017
1100,6,21,2017
1101,6,22,2017
1102,6,23,2017
1103,6,26,2017
1104,6,27,2017
1105,6,28,2017
1106,6,29,2017
1107,6,30,2017
1108,7,3,2017
1109,7,5,2017
1110,7,6,2017
1111,7,7,2017
1112,7,10,2017
1113,7,11,2017
1114,7,12,2017
1115,7,13,2017
1116,7,14,2017
1117,7,17,2017
1118,7,18,2017
1119,7,19,2017
1120,7,20,2017
1121,7,21,2017
1122,7,24,2017
1123,7,25,2017
1124,7,26,2017
1125,7,27,2017
1126,7,28,2017
1127,7,31,2017
1128,8,1,2017
1129,8,2,2017
1130,8,3,2017
1131,8,4,2017
1132,8,7,2017
1133,8,8,2017
1134,8,9,2017
1135,8,10,2017
1136,8,11,2017
1137,8,14,2017
1138,8,15,2017
1139,8,16,2017
1140,8,17,2017
1141,8,18,2017
1142,8,21,2017
1143,8,22,2017
1144,8,23,2017
1145,8,24,2017
1146,8,25,2017
1147,8,28,2017
1148,8,29,2017
1149,8,30,2017
1150,8,31,2017
1151,9,1,2017
1152,9,5,2017
1153,9,6,2017
1154,9,7,2017
1155,9,8,2017
1156,9,11,2017
1157,9,12,2017
1158,9,13,2017
1159,9,14,2017
1160,9,15,2017
1161,9,18,2017
1162,9,19,2017
1163,9,20,2017
1164,9,21,2017
1165,9,22,2017
1166,9,25,2017
1167,9,26,2017
1168,9,27,2017
1169,9,28,2017
1170,9,29,2017
1171,10,2,2017
1172,10,3,2017
1173,10,4,2017
1174,10,5,2017
1175,10,6,2017
1176,10,9,2017
1177,10,10,2017
1178,10,11,2017
1179,10,12,2017
1180,10,13,2017
1181,10,16,2017
1182,10,17,2017
1183,10,18,2017
1184,10,19,2017
1185,10,20,2017
1186,10,23,2017
1187,10,24,2017
1188,10,25,2017
1189,10,26,2017
1190,10,27,2017
1191,10,30,2017
1192,10,31,2017
1193,11,1,2017
1194,11,2,2017
1195,11,3,2017
1196,11,6,2017
1197,11,7,2017
1198,11,8,2017
1199,11,9,2017
1200,11,10,2017
1201,11,13,2017
1202,11,14,2017
1203,11,15,2017
1204,11,16,2017
1205,11,17,2017
1206,11,20,2017
1207,11,21,2017
1208,11,22,2017
1209,11,24,2017
1210,11,27,2017
1211,11,28,2017
1212,11,29,2017
1213,11,30,2017
1214,12,1,2017
1215,12,4,2017
1216,12,5,2017
1217,12,6,2017
1218,12,7,2017
1219,12,8,2017
1220,12,11,2017
1221,12,12,2017
1222,12,13,2017
1223,12,14,2017
1224,12,15,2017
1225,12,18,2017
1226,12,19,2017
1227,12,20,2017
1228,12,21,2017
1229,12,22,2017
1230,12,26,2017
1231,12,27,2017
1232,12,28,2017
1233,12,29,2017
1234,1,2,2018
1235,1,3,2018
1236,1,4,2018
1237,1,5,2018
1238,1,8,2018
1239,1,9,2018
1240,1,10,2018
1241,1,11,2018
1242,1,12,2018
1243,1,16,2018
1244,1,17,2018
1245,1,18,2018
1246,1,19,2018
1247,1,22,2018
1248,1,23,2018
1249,1,24,2018
1250,1,25,2018
1251,1,26,2018
1252,1,29,2018
1253,1,30,2018
1254,1,31,2018
1255,2,1,2018
1256,2,2,2018
1257,2,5,2018
1258,2,6,2018
1259,2,7,2018
